Total Energy
-2750.8246
-2669.5259
-2614.9904
-2563.7055
-2525.8346
-2496.8198
-2467.7561
-2442.3339
-2433.7232
-2411.1399
-2390.5210
-2378.8934
-2355.7085
-2340.7939
-2329.2435
-2324.6802
-2323.1407
-2286.2837
-2272.7462
-2274.5272
-2271.9148
-2269.8324
-2263.9148
-2239.7621
-2221.0158
-2229.9017
-2212.6875
-2200.0159
-2171.0573
-2198.3255
-2197.2246
-2197.4755
-2203.2352
-2194.6816
-2186.2642
-2181.3230
-2178.4728
-2189.0199
-2181.7941
-2188.1827
-2175.8274
-2173.6066
-2180.1297
-2186.4258
-2183.8957
-2169.7590
-2154.7282
-2172.2921
-2176.4379
-2173.5467
-2159.4260
-2161.6048
-2189.6344
-2177.0712
-2181.6409
-2189.9974
-2186.7749
-2181.4630
-2189.9807
-2188.4514
-2195.0406
-2191.8196
-2194.3050
-2187.2417
-2208.1782
-2200.0116
-2200.3818
-2195.9941
-2167.7074
-2160.8220
-2160.7251
-2185.0004
-2179.4202
-2176.9451
-2162.9659
-2164.6985
-2152.8503
-2151.1166
-2132.2592
-2140.9069
-2151.4589
-2174.8039
-2186.5416
-2176.4421
-2159.9593
-2163.6720
-2161.3316
-2179.2207
-2176.1708
-2184.4049
-2200.4662
-2209.8057
-2225.1133
-2206.6543
-2194.8289
-2201.0751
-2203.2623
-2202.1280
-2223.0207
-2209.7099
-2204.9191
-2206.5343
-2207.6846
-2202.3081
-2191.2774
-2186.9695
-2187.5094
-2164.4588
-2156.5409
-2162.0737
-2168.8960
-2174.1159
-2161.4274
-2172.9060
-2184.9217
-2198.1743
-2205.7479
-2206.3127
-2202.6643
-2205.4775
-2205.6262
-2202.6692
-2200.1588
-2216.5832
-2210.9367
-2199.8627
-2196.3394
-2191.0935
-2178.8857
-2170.4764
-2169.1203
-2170.6004
-2155.3661
-2152.7468
-2180.3070
-2170.9261
-2189.2323
-2185.9376
-2194.9593
-2164.2348
-2158.1154
-2155.2840
-2166.5910
-2157.0139
-2138.5493
-2134.8321
-2137.1451
-2138.7095
-2157.3544
-2129.6004
-2149.6047
-2166.4110
-2180.8862
-2175.2288
-2184.8878
-2207.5551
-2201.4520
-2192.9743
-2181.8376
-2195.9608
-2198.0001
-2175.3659
-2158.8702
-2183.7790
-2178.6701
-2146.5163
-2133.2699
-2145.8621
-2166.5253
-2160.6659
-2138.4842
-2133.2269
-2145.6856
-2141.6601
-2150.1014
-2160.2800
-2163.8813
-2189.3513
-2200.5714
-2189.9040
-2185.3558
-2217.7851
-2208.0325
-2221.8608
-2217.7899
-2208.8327
-2184.2657
-2178.2353
-2176.7920
-2182.6624
-2177.9216
-2170.1688
-2165.8085
-2175.0222
-2177.3198
-2178.1483
-2193.0264
-2204.0142
-2207.5065
-2201.3582
-2213.7414
-2209.6274
-2221.8282
-2212.8545
-2194.9000
-2218.0326
-2206.4197
-2192.8207
-2186.3966
-2198.5431
-2178.3993
-2170.7124
-2173.5265
-2168.5558
-2173.9163
-2149.6324
-2147.4823
-2133.1725
-2139.8758
-2131.9758
-2143.5847
-2154.1618
-2158.9651
-2170.3274
-2171.8241
-2181.5431
-2166.5839
-2170.1750
-2166.6225
-2145.3060
-2150.4027
-2139.9957
-2132.7252
-2135.3211
-2138.8204
-2159.4526
-2176.8858
-2179.4858
-2196.2262
-2173.0140
-2167.8180
-2164.4770
-2192.1455
-2179.2316
-2209.3377
-2188.3652
-2182.7539
-2183.4429
-2180.8862
-2161.9302
-2166.7507
-2171.5956
-2179.2009
-2185.2157
-2174.8854
-2198.4822
-2170.9013
-2151.2534
-2142.0125
-2140.8392
-2142.4448
-2150.1653
-2172.5957
-2176.7996
-2172.1008
-2173.4815
-2161.0331
-2184.2160
-2185.6353
-2191.5137
-2205.7892
-2208.3117
-2215.2792
-2223.8620
-2238.0063
-2239.7099
-2231.5029
-2216.5615
-2225.1325
-2213.2358
-2196.8146
-2177.5182
-2177.1277
-2169.0872
-2174.4181
-2194.2670
-2183.3046
-2183.5894
-2169.7454
-2166.9009
-2170.8715
-2173.1939
-2195.8622
-2191.2740
-2164.4505
-2148.0189
-2164.9620
-2160.3036
-2176.0227
-2183.5146
-2186.1899
-2188.0311
-2188.4325
-2176.2552
-2183.4496
-2191.1904
-2185.7428
-2185.1600
-2170.0353
-2170.2211
-2164.5373
-2172.2681
-2165.0289
-2181.6044
-2197.5617
-2200.0107
-2185.6456
-2181.4178
-2177.3394
-2182.1255
-2182.5026
-2151.9294
-2155.4448
-2165.0594
-2174.0017
-2166.5758
-2170.8061
-2161.0452
-2152.8028
-2160.1253
-2170.9974
-2168.4870
-2176.3912
-2188.1669
-2172.6494
-2170.1191
-2152.1359
-2159.9514
-2144.6191
-2149.7480
-2146.7001
-2163.1348
-2156.4655
-2147.4463
-2160.7838
-2156.4693
-2138.3339
-2148.0436
-2159.9100
-2151.9219
-2148.7838
-2167.4524
-2156.4692
-2170.6076
-2190.9604
-2181.4868
-2181.3611
-2175.2605
-2176.1634
-2186.0184
-2187.8227
-2194.9672
-2221.4904
-2222.9239
-2222.6148
-2200.5994
-2210.3765
-2211.7521
-2208.0112
-2224.6697
-2207.7663
-2199.9471
-2225.4687
-2230.6357
-2222.5678
-2217.6037
-2207.9949
-2202.2221
-2200.9325
-2190.9703
-2186.7820
-2177.1403
-2189.6260
-2204.1756
-2211.7643
-2201.8829
-2207.8967
-2201.2736
-2194.7355
-2183.8420
-2199.1179
-2203.1061
-2205.1912
-2184.6383
-2170.1957
-2167.6233
-2169.8032
-2182.5692
-2186.4133
-2194.7326
-2189.2172
-2208.7551
-2207.8332
-2205.9513
-2193.2547
-2180.4823
-2204.9160
-2182.4252
-2192.8806
-2199.3608
-2196.0376
-2187.7267
-2199.2599
-2196.0924
-2189.0712
-2202.6528
-2194.8928
-2185.0131
-2178.9280
-2155.6515
-2152.0572
-2154.0817
-2170.3002
-2178.2238
-2185.7371
-2175.5356
-2159.1455
-2150.4758
-2149.9296
-2163.2986
-2183.2590
-2176.5554
-2203.0509
-2184.4564
-2170.3262
-2158.2244
-2162.1702
-2161.9596
-2171.6243
-2154.1310
-2149.0756
-2151.6333
-2145.9168
-2134.7956
-2125.0695
-2131.2877
-2130.3644
-2127.5995
-2138.1912
-2150.7308
-2164.5221
-2173.1353
-2179.4817
-2165.4606
-2163.0131
-2171.8687
-2175.4231
-2174.5140
-2167.1425
-2179.4779
-2179.7979
-2169.8696
-2183.3554
-2192.4926
-2187.3075
-2183.1856
-2201.5377
-2209.1259
-2210.3636
-2222.8175
-2195.1048
-2197.4635
-2210.0705
-2187.5369
-2171.5669
-2158.7231
-2153.4432
-2157.9280
-2145.5701
-2156.3337
-2170.9739
-2160.4264
-2150.0103
-2164.9597
-2171.4944
-2155.2830
-2155.7068
-2178.8250
-2184.1218
-2209.8225
-2204.8125
-2215.1732
-2215.4278
-2221.0648
-2195.9311
-2201.0527
-2154.7166
-2157.0272
-2147.5594
-2147.2963
-2151.1357
-2133.9822
-2133.1440
-2156.1624
-2162.4642
-2155.4448
-2184.8187
-2171.4779
-2149.5478
-2151.6701
-2167.9621
-2152.7943
-2157.2166
-2153.4238
-2158.7011
-2175.2024
-2166.8367
-2159.1651
-2172.3235
-2186.2328
-2182.3740
-2197.4099
-2200.7993
-2189.5448
-2190.9261
-2195.6156
-2209.0826
-2217.3073
-2239.4463
-2235.0650
-2224.3792
-2240.4580
-2233.5741
-2238.8867
-2218.1528
-2208.9097
-2192.8787
-2185.2161
-2192.6986
-2194.8348
-2183.8795
-2204.9486
-2207.1341
-2209.8692
-2189.7622
-2195.9494
-2201.6140
-2198.8451
-2193.1970
-2191.9140
-2181.9747
-2184.1411
-2177.4813
-2176.1276
-2178.2808
-2177.3869
-2164.8699
-2154.3490
-2160.6884
-2174.3883
-2173.1549
-2189.3218
-2196.7080
-2187.4082
-2176.1398
-2168.5479
-2155.7824
-2149.5460
-2172.7648
-2163.1341
-2171.8342
-2202.6367
-2182.1530
-2215.0671
-2205.6798
-2207.2277
-2200.5019
-2194.6373
-2203.3713
-2206.5798
-2200.4564
-2186.8213
-2199.8787
-2192.8881
-2201.1227
-2186.9530
-2208.3994
-2206.1811
-2202.0214
-2183.1176
-2162.3419
-2165.4710
-2154.2798
-2155.8670
-2163.3838
-2163.1341
-2170.2299
-2175.1191
-2183.7247
-2182.5191
-2162.3909
-2153.3809
-2148.5935
-2147.1028
-2152.9442
-2166.9831
-2164.0234
-2190.4182
-2195.0718
-2207.0702
-2197.4519
-2186.6555
-2183.0063
-2187.9180
-2177.0713
-2185.7896
-2183.4945
-2191.2632
-2186.5047
-2180.1777
-2215.8873
-2228.5903
-2217.3825
-2216.6096
-2201.1397
-2198.2643
-2202.2805
-2202.5713
-2205.2788
-2202.4159
-2197.1568
-2214.0670
-2203.3604
-2186.3748
-2184.7016
-2155.1325
-2157.4884
-2167.4264
-2173.6831
-2160.1271
-2165.4864
-2184.2462
-2185.9176
-2190.7622
-2186.9225
-2179.5666
-2190.9025
-2197.1426
-2206.7419
-2217.4790
-2232.5030
-2231.0495
-2208.3405
-2187.7195
-2179.2171
-2182.0594
-2181.3462
-2167.4454
-2190.3617
-2195.8857
-2200.2586
-2205.5630
-2197.8430
-2201.0783
-2197.9139
-2192.4780
-2172.0896
-2173.8829
-2186.7676
-2177.3167
-2184.1868
-2193.6281
-2204.7963
-2192.4274
-2199.2312
-2208.9373
-2225.4706
-2218.4818
-2223.9981
-2224.0368
-2229.9383
-2219.0279
-2208.8515
-2202.2214
-2183.2686
-2179.6023
-2188.5792
-2212.4166
-2210.3678
-2215.6617
-2206.3628
-2218.4277
-2215.9587
-2208.0967
-2200.1477
-2228.1235
-2221.5779
-2200.1804
-2189.8310
-2184.4275
-2179.7830
-2173.7540
-2169.3493
-2161.0798
-2151.3189
-2141.8475
-2125.5956
-2135.1785
-2128.8710
-2163.7919
-2153.9310
-2162.2730
-2150.0010
-2134.2316
-2137.3260
-2140.9225
-2139.7129
-2152.7874
-2172.1322
-2176.3874
-2187.1602
-2210.4328
-2212.7159
-2228.0218
-2202.7764
-2205.6036
-2188.9882
-2184.4411
-2169.9723
-2191.5492
-2169.9505
-2155.0195
-2172.6026
-2183.5200
-2194.9580
-2191.4556
-2195.4801
-2181.6695
-2189.8067
-2165.9648
-2172.5959
-2157.4845
-2170.8949
-2167.7910
-2176.4501
-2143.9646
-2140.3412
-2120.7858
-2121.9184
-2124.3274
-2136.0334
-2144.8495
-2121.6861
-2123.3610
-2130.9948
-2148.8767
-2139.4949
-2137.4771
-2154.7433
-2167.4352
-2177.2195
-2200.4644
-2204.0633
-2218.6037
-2227.7095
-2214.5835
-2212.2232
-2212.4449
-2198.3989
-2207.6007
-2198.3338
-2203.5975
-2223.7539
-2223.7315
-2222.6875
-2225.7325
-2220.6911
-2197.0783
-2193.3781
-2190.4416
-2158.8569
-2157.3083
-2152.9951
-2160.3836
-2178.6088
-2188.6747
-2187.7241
-2182.2347
-2189.5003
-2180.4966
-2187.8563
-2193.1403
-2186.8621
-2193.8874
-2217.2528
-2227.8221
-2217.5707
-2218.3169
-2206.4193
-2229.3374
-2219.8404
-2220.1409
-2198.0610
-2188.9500
-2200.5232
-2197.0656
-2198.0305
-2203.3868
-2206.3309
-2200.2192
-2213.8384
-2209.7688
-2190.5190
-2202.0986
-2200.4623
-2183.5043
-2193.5294
-2177.4905
-2178.0249
-2170.2289
-2174.3137
-2159.1038
-2172.7758
-2173.9619
-2168.3233
-2155.4619
-2139.8415
-2157.0122
-2141.0605
-2165.7839
-2145.6052
-2147.7874
-2139.9891
-2144.4800
-2146.2487
-2143.8144
-2158.4921
-2136.0495
-2165.5996
-2162.6465
-2170.6431
-2172.1947
-2167.0207
-2159.6401
-2174.9372
-2172.0078
-2180.4386
-2194.9980
-2166.5971
-2194.2876
-2192.3915
-2202.2439
-2211.8326
-2206.3183
-2212.0751
-2211.3653
-2218.6232
-2222.6269
-2210.6908
-2207.7005
-2227.3751
-2244.0599
-2232.1234
-2231.4951
-2224.5592
-2213.6593
-2197.8208
-2185.7652
-2177.6650
-2180.3953
-2175.3232
-2178.2342
-2192.3185
-2190.3109
-2180.2092
-2189.9329
-2198.0964
-2198.3867
-2209.0422
-2199.9277
-2179.5590
-2189.6981
-2218.5118
-2185.2465
-2180.3864
-2162.5648
-2176.1050
-2169.8296
-2165.2965
-2166.6641
-2149.6097
-2137.4227
-2137.4468
-2148.1322
-2133.0554
-2135.1210
-2142.1231
-2135.8499
-2137.5489
-2138.7217
-2135.8312
-2143.6578
-2161.5660
-2158.5151
-2176.7192
-2201.2731
-2220.9222
-2204.1884
-2200.9260
-2201.9089
-2193.3842
-2204.7852
-2204.7800
-2199.1662
-2166.2810
-2164.8402
-2170.6154
-2176.2250
-2173.7767
-2159.6517
-2160.7690
-2147.3659
-2158.9836
-2147.3190
-2147.2686
-2140.0312
-2150.6457
-2142.5762
-2151.9033
-2148.3630
-2168.6458
-2187.5836
-2191.8025
-2194.2976
-2199.0247
-2201.5683
-2200.6214
-2191.1997
-2221.6964
-2225.4159
-2220.6171
-2199.3349
-2194.0046
-2205.5119
-2202.1261
-2190.9617
-2199.8343
-2207.7817
-2219.1445
-2222.3666
-2219.4708
-2209.9335
-2198.8003
-2186.8472
-2197.4594
-2203.3009
-2181.2698
-2174.5364
-2174.6819
-2175.8512
-2164.1599
-2168.0730
-2156.7109
-2164.2382
-2165.6887
-2155.8216
-2155.0939
-2172.5941
-2161.2449
-2140.4919
-2146.3077
-2139.5240
-2151.7236
-2138.2918
-2151.1296
-2153.1957
-2139.0840
-2155.8294
-2168.7407
-2175.3184
-2185.6961
-2195.1595
-2207.6778
-2214.2233
-2196.6178
-2201.4113
-2232.4252
-2225.4342
-2221.2519
-2221.6918
-2230.3806
-2208.3900
-2210.7635
-2219.4619
-2219.9652
-2221.2934
-2223.2194
-2213.0523
-2203.3933
-2192.5638
-2203.4105
